seed:111010101100  Points:0 0,0 1,0 2,1 1,2 0,2 2,
seed:011001111100  Points:0 1,0 2,1 2,2 0,2 1,2 2,
seed:111001011100  Points:0 0,0 1,0 2,1 2,2 1,2 2,
seed:011110001100  Points:0 1,0 2,1 0,1 1,2 2,
seed:100101110100  Points:0 0,1 0,1 2,2 0,2 1,
seed:101110010100  Points:0 0,0 2,1 0,1 1,2 1,
seed:111001111100  Points:0 0,0 1,0 2,1 2,2 0,2 1,2 2,
seed:100001111100  Points:0 0,1 2,2 0,2 1,2 2,
seed:010100111100  Points:0 1,1 0,2 0,2 1,2 2,
seed:100111010100  Points:0 0,1 0,1 1,1 2,2 1,
seed:111010001100  Points:0 0,0 1,0 2,1 1,2 2,
seed:111001010100  Points:0 0,0 1,0 2,1 2,2 1,
seed:010100111100  Points:0 1,1 0,2 0,2 1,2 2,
seed:111100001100  Points:0 0,0 1,0 2,1 0,2 2,
seed:0010101111000  Points:0 2,1 1,2 0,2 1,2 2,
seed:1110010111000  Points:0 0,0 1,0 2,1 2,2 1,2 2,
